{
 "cells": [
  {
   "cell_type": "code",
   "execution_count": 1,
   "metadata": {},
   "outputs": [],
   "source": [
    "import pandas as pd\n",
    "import numpy as np\n",
    "from matplotlib import pyplot as plt\n",
    "import sklearn\n",
    "from sklearn.linear_model import LinearRegression\n",
    "import statsmodels.formula.api as smf\n",
    "\n",
    "%matplotlib inline"
   ]
  },
  {
   "cell_type": "code",
   "execution_count": 2,
   "metadata": {},
   "outputs": [
    {
     "name": "stderr",
     "output_type": "stream",
     "text": [
      "C:\\Users\\Tati\\Anaconda3\\lib\\site-packages\\IPython\\core\\interactiveshell.py:3049: DtypeWarning: Columns (18,19,20,21,22,23,24,33,34,35,37,43,45) have mixed types. Specify dtype option on import or set low_memory=False.\n",
      "  interactivity=interactivity, compiler=compiler, result=result)\n"
     ]
    },
    {
     "data": {
      "text/html": [
       "<div>\n",
       "<style scoped>\n",
       "    .dataframe tbody tr th:only-of-type {\n",
       "        vertical-align: middle;\n",
       "    }\n",
       "\n",
       "    .dataframe tbody tr th {\n",
       "        vertical-align: top;\n",
       "    }\n",
       "\n",
       "    .dataframe thead th {\n",
       "        text-align: right;\n",
       "    }\n",
       "</style>\n",
       "<table border=\"1\" class=\"dataframe\">\n",
       "  <thead>\n",
       "    <tr style=\"text-align: right;\">\n",
       "      <th></th>\n",
       "      <th>Unnamed: 0</th>\n",
       "      <th>BATHRM</th>\n",
       "      <th>HF_BATHRM</th>\n",
       "      <th>HEAT</th>\n",
       "      <th>AC</th>\n",
       "      <th>NUM_UNITS</th>\n",
       "      <th>ROOMS</th>\n",
       "      <th>BEDRM</th>\n",
       "      <th>AYB</th>\n",
       "      <th>YR_RMDL</th>\n",
       "      <th>...</th>\n",
       "      <th>LONGITUDE</th>\n",
       "      <th>ASSESSMENT_NBHD</th>\n",
       "      <th>ASSESSMENT_SUBNBHD</th>\n",
       "      <th>CENSUS_TRACT</th>\n",
       "      <th>CENSUS_BLOCK</th>\n",
       "      <th>WARD</th>\n",
       "      <th>SQUARE</th>\n",
       "      <th>X</th>\n",
       "      <th>Y</th>\n",
       "      <th>QUADRANT</th>\n",
       "    </tr>\n",
       "  </thead>\n",
       "  <tbody>\n",
       "    <tr>\n",
       "      <th>0</th>\n",
       "      <td>0</td>\n",
       "      <td>4</td>\n",
       "      <td>0</td>\n",
       "      <td>Warm Cool</td>\n",
       "      <td>Y</td>\n",
       "      <td>2.0</td>\n",
       "      <td>8</td>\n",
       "      <td>4</td>\n",
       "      <td>1910.0</td>\n",
       "      <td>1988.0</td>\n",
       "      <td>...</td>\n",
       "      <td>-77.040832</td>\n",
       "      <td>Old City 2</td>\n",
       "      <td>040 D Old City 2</td>\n",
       "      <td>4201.0</td>\n",
       "      <td>004201 2006</td>\n",
       "      <td>Ward 2</td>\n",
       "      <td>152</td>\n",
       "      <td>-77.040429</td>\n",
       "      <td>38.914881</td>\n",
       "      <td>NW</td>\n",
       "    </tr>\n",
       "    <tr>\n",
       "      <th>1</th>\n",
       "      <td>1</td>\n",
       "      <td>3</td>\n",
       "      <td>1</td>\n",
       "      <td>Warm Cool</td>\n",
       "      <td>Y</td>\n",
       "      <td>2.0</td>\n",
       "      <td>11</td>\n",
       "      <td>5</td>\n",
       "      <td>1898.0</td>\n",
       "      <td>2007.0</td>\n",
       "      <td>...</td>\n",
       "      <td>-77.040764</td>\n",
       "      <td>Old City 2</td>\n",
       "      <td>040 D Old City 2</td>\n",
       "      <td>4201.0</td>\n",
       "      <td>004201 2006</td>\n",
       "      <td>Ward 2</td>\n",
       "      <td>152</td>\n",
       "      <td>-77.040429</td>\n",
       "      <td>38.914881</td>\n",
       "      <td>NW</td>\n",
       "    </tr>\n",
       "    <tr>\n",
       "      <th>2</th>\n",
       "      <td>2</td>\n",
       "      <td>3</td>\n",
       "      <td>1</td>\n",
       "      <td>Hot Water Rad</td>\n",
       "      <td>Y</td>\n",
       "      <td>2.0</td>\n",
       "      <td>9</td>\n",
       "      <td>5</td>\n",
       "      <td>1910.0</td>\n",
       "      <td>2009.0</td>\n",
       "      <td>...</td>\n",
       "      <td>-77.040678</td>\n",
       "      <td>Old City 2</td>\n",
       "      <td>040 D Old City 2</td>\n",
       "      <td>4201.0</td>\n",
       "      <td>004201 2006</td>\n",
       "      <td>Ward 2</td>\n",
       "      <td>152</td>\n",
       "      <td>-77.040429</td>\n",
       "      <td>38.914881</td>\n",
       "      <td>NW</td>\n",
       "    </tr>\n",
       "    <tr>\n",
       "      <th>3</th>\n",
       "      <td>3</td>\n",
       "      <td>3</td>\n",
       "      <td>1</td>\n",
       "      <td>Hot Water Rad</td>\n",
       "      <td>Y</td>\n",
       "      <td>2.0</td>\n",
       "      <td>8</td>\n",
       "      <td>5</td>\n",
       "      <td>1900.0</td>\n",
       "      <td>2003.0</td>\n",
       "      <td>...</td>\n",
       "      <td>-77.040629</td>\n",
       "      <td>Old City 2</td>\n",
       "      <td>040 D Old City 2</td>\n",
       "      <td>4201.0</td>\n",
       "      <td>004201 2006</td>\n",
       "      <td>Ward 2</td>\n",
       "      <td>152</td>\n",
       "      <td>-77.040429</td>\n",
       "      <td>38.914881</td>\n",
       "      <td>NW</td>\n",
       "    </tr>\n",
       "    <tr>\n",
       "      <th>4</th>\n",
       "      <td>4</td>\n",
       "      <td>2</td>\n",
       "      <td>1</td>\n",
       "      <td>Warm Cool</td>\n",
       "      <td>Y</td>\n",
       "      <td>1.0</td>\n",
       "      <td>11</td>\n",
       "      <td>3</td>\n",
       "      <td>1913.0</td>\n",
       "      <td>2012.0</td>\n",
       "      <td>...</td>\n",
       "      <td>-77.039361</td>\n",
       "      <td>Old City 2</td>\n",
       "      <td>040 D Old City 2</td>\n",
       "      <td>4201.0</td>\n",
       "      <td>004201 2006</td>\n",
       "      <td>Ward 2</td>\n",
       "      <td>152</td>\n",
       "      <td>-77.040429</td>\n",
       "      <td>38.914881</td>\n",
       "      <td>NW</td>\n",
       "    </tr>\n",
       "  </tbody>\n",
       "</table>\n",
       "<p>5 rows × 49 columns</p>\n",
       "</div>"
      ],
      "text/plain": [
       "   Unnamed: 0  BATHRM  HF_BATHRM           HEAT AC  NUM_UNITS  ROOMS  BEDRM  \\\n",
       "0           0       4          0      Warm Cool  Y        2.0      8      4   \n",
       "1           1       3          1      Warm Cool  Y        2.0     11      5   \n",
       "2           2       3          1  Hot Water Rad  Y        2.0      9      5   \n",
       "3           3       3          1  Hot Water Rad  Y        2.0      8      5   \n",
       "4           4       2          1      Warm Cool  Y        1.0     11      3   \n",
       "\n",
       "      AYB  YR_RMDL  ...  LONGITUDE  ASSESSMENT_NBHD ASSESSMENT_SUBNBHD  \\\n",
       "0  1910.0   1988.0  ... -77.040832       Old City 2   040 D Old City 2   \n",
       "1  1898.0   2007.0  ... -77.040764       Old City 2   040 D Old City 2   \n",
       "2  1910.0   2009.0  ... -77.040678       Old City 2   040 D Old City 2   \n",
       "3  1900.0   2003.0  ... -77.040629       Old City 2   040 D Old City 2   \n",
       "4  1913.0   2012.0  ... -77.039361       Old City 2   040 D Old City 2   \n",
       "\n",
       "   CENSUS_TRACT CENSUS_BLOCK    WARD  SQUARE          X          Y QUADRANT  \n",
       "0        4201.0  004201 2006  Ward 2     152 -77.040429  38.914881       NW  \n",
       "1        4201.0  004201 2006  Ward 2     152 -77.040429  38.914881       NW  \n",
       "2        4201.0  004201 2006  Ward 2     152 -77.040429  38.914881       NW  \n",
       "3        4201.0  004201 2006  Ward 2     152 -77.040429  38.914881       NW  \n",
       "4        4201.0  004201 2006  Ward 2     152 -77.040429  38.914881       NW  \n",
       "\n",
       "[5 rows x 49 columns]"
      ]
     },
     "execution_count": 2,
     "metadata": {},
     "output_type": "execute_result"
    }
   ],
   "source": [
    "DC_properties = pd.read_csv(\"datasets/DC_Properties.csv\")\n",
    "DC_properties.head()"
   ]
  },
  {
   "cell_type": "code",
   "execution_count": 3,
   "metadata": {},
   "outputs": [
    {
     "data": {
      "text/plain": [
       "(158957, 49)"
      ]
     },
     "execution_count": 3,
     "metadata": {},
     "output_type": "execute_result"
    }
   ],
   "source": [
    "DC_properties.shape"
   ]
  },
  {
   "cell_type": "code",
   "execution_count": 4,
   "metadata": {},
   "outputs": [],
   "source": [
    "DC_properties.drop(['STRUCT', 'STORIES', 'NUM_UNITS',\n",
    "                       'Unnamed: 0', 'SALE_NUM','QUALIFIED','BLDG_NUM',\n",
    "                       'STYLE', 'LATITUDE', 'LONGITUDE',\n",
    "                   'X', 'Y', 'WARD', 'SQUARE',\n",
    "                   'CENSUS_BLOCK', 'EXTWALL', 'ROOF', 'INTWALL',\n",
    "                    'CENSUS_TRACT', 'ASSESSMENT_NBHD', 'LIVING_GBA',\n",
    "                    'ASSESSMENT_SUBNBHD', 'GIS_LAST_MOD_DTTM',\n",
    "                   'HEAT', 'USECODE', 'LANDAREA', 'FULLADDRESS', 'CMPLX_NUM', 'NATIONALGRID'],\n",
    "                   axis=1, inplace = True)"
   ]
  },
  {
   "cell_type": "code",
   "execution_count": 5,
   "metadata": {},
   "outputs": [
    {
     "data": {
      "text/plain": [
       "Index(['BATHRM', 'HF_BATHRM', 'AC', 'ROOMS', 'BEDRM', 'AYB', 'YR_RMDL', 'EYB',\n",
       "       'SALEDATE', 'PRICE', 'GBA', 'GRADE', 'CNDTN', 'KITCHENS', 'FIREPLACES',\n",
       "       'SOURCE', 'CITY', 'STATE', 'ZIPCODE', 'QUADRANT'],\n",
       "      dtype='object')"
      ]
     },
     "execution_count": 5,
     "metadata": {},
     "output_type": "execute_result"
    }
   ],
   "source": [
    "DC_properties.columns"
   ]
  },
  {
   "cell_type": "code",
   "execution_count": 6,
   "metadata": {},
   "outputs": [
    {
     "data": {
      "text/html": [
       "<div>\n",
       "<style scoped>\n",
       "    .dataframe tbody tr th:only-of-type {\n",
       "        vertical-align: middle;\n",
       "    }\n",
       "\n",
       "    .dataframe tbody tr th {\n",
       "        vertical-align: top;\n",
       "    }\n",
       "\n",
       "    .dataframe thead th {\n",
       "        text-align: right;\n",
       "    }\n",
       "</style>\n",
       "<table border=\"1\" class=\"dataframe\">\n",
       "  <thead>\n",
       "    <tr style=\"text-align: right;\">\n",
       "      <th></th>\n",
       "      <th>BATHRM</th>\n",
       "      <th>HF_BATHRM</th>\n",
       "      <th>ROOMS</th>\n",
       "      <th>BEDRM</th>\n",
       "      <th>AYB</th>\n",
       "      <th>YR_RMDL</th>\n",
       "      <th>EYB</th>\n",
       "      <th>PRICE</th>\n",
       "      <th>GBA</th>\n",
       "      <th>KITCHENS</th>\n",
       "      <th>FIREPLACES</th>\n",
       "      <th>ZIPCODE</th>\n",
       "    </tr>\n",
       "  </thead>\n",
       "  <tbody>\n",
       "    <tr>\n",
       "      <th>BATHRM</th>\n",
       "      <td>1.000000</td>\n",
       "      <td>0.248759</td>\n",
       "      <td>0.677751</td>\n",
       "      <td>0.655563</td>\n",
       "      <td>-0.039087</td>\n",
       "      <td>0.239797</td>\n",
       "      <td>0.269444</td>\n",
       "      <td>-0.006536</td>\n",
       "      <td>0.682977</td>\n",
       "      <td>0.423178</td>\n",
       "      <td>-0.001632</td>\n",
       "      <td>-0.063410</td>\n",
       "    </tr>\n",
       "    <tr>\n",
       "      <th>HF_BATHRM</th>\n",
       "      <td>0.248759</td>\n",
       "      <td>1.000000</td>\n",
       "      <td>0.353825</td>\n",
       "      <td>0.375568</td>\n",
       "      <td>-0.009372</td>\n",
       "      <td>0.148483</td>\n",
       "      <td>0.235645</td>\n",
       "      <td>-0.013113</td>\n",
       "      <td>0.272598</td>\n",
       "      <td>-0.132895</td>\n",
       "      <td>-0.001635</td>\n",
       "      <td>-0.020164</td>\n",
       "    </tr>\n",
       "    <tr>\n",
       "      <th>ROOMS</th>\n",
       "      <td>0.677751</td>\n",
       "      <td>0.353825</td>\n",
       "      <td>1.000000</td>\n",
       "      <td>0.841309</td>\n",
       "      <td>-0.219367</td>\n",
       "      <td>0.161396</td>\n",
       "      <td>0.158847</td>\n",
       "      <td>-0.038241</td>\n",
       "      <td>0.679725</td>\n",
       "      <td>0.525796</td>\n",
       "      <td>-0.003660</td>\n",
       "      <td>-0.053109</td>\n",
       "    </tr>\n",
       "    <tr>\n",
       "      <th>BEDRM</th>\n",
       "      <td>0.655563</td>\n",
       "      <td>0.375568</td>\n",
       "      <td>0.841309</td>\n",
       "      <td>1.000000</td>\n",
       "      <td>-0.242955</td>\n",
       "      <td>0.214655</td>\n",
       "      <td>0.168913</td>\n",
       "      <td>-0.043331</td>\n",
       "      <td>0.631736</td>\n",
       "      <td>0.346781</td>\n",
       "      <td>-0.004696</td>\n",
       "      <td>-0.071962</td>\n",
       "    </tr>\n",
       "    <tr>\n",
       "      <th>AYB</th>\n",
       "      <td>-0.039087</td>\n",
       "      <td>-0.009372</td>\n",
       "      <td>-0.219367</td>\n",
       "      <td>-0.242955</td>\n",
       "      <td>1.000000</td>\n",
       "      <td>0.021678</td>\n",
       "      <td>0.660668</td>\n",
       "      <td>0.056041</td>\n",
       "      <td>0.006706</td>\n",
       "      <td>-0.108947</td>\n",
       "      <td>0.001453</td>\n",
       "      <td>0.175098</td>\n",
       "    </tr>\n",
       "    <tr>\n",
       "      <th>YR_RMDL</th>\n",
       "      <td>0.239797</td>\n",
       "      <td>0.148483</td>\n",
       "      <td>0.161396</td>\n",
       "      <td>0.214655</td>\n",
       "      <td>0.021678</td>\n",
       "      <td>1.000000</td>\n",
       "      <td>0.256227</td>\n",
       "      <td>0.030072</td>\n",
       "      <td>0.005231</td>\n",
       "      <td>0.003241</td>\n",
       "      <td>0.001622</td>\n",
       "      <td>-0.098040</td>\n",
       "    </tr>\n",
       "    <tr>\n",
       "      <th>EYB</th>\n",
       "      <td>0.269444</td>\n",
       "      <td>0.235645</td>\n",
       "      <td>0.158847</td>\n",
       "      <td>0.168913</td>\n",
       "      <td>0.660668</td>\n",
       "      <td>0.256227</td>\n",
       "      <td>1.000000</td>\n",
       "      <td>0.049627</td>\n",
       "      <td>0.311207</td>\n",
       "      <td>-0.048890</td>\n",
       "      <td>0.000097</td>\n",
       "      <td>0.041599</td>\n",
       "    </tr>\n",
       "    <tr>\n",
       "      <th>PRICE</th>\n",
       "      <td>-0.006536</td>\n",
       "      <td>-0.013113</td>\n",
       "      <td>-0.038241</td>\n",
       "      <td>-0.043331</td>\n",
       "      <td>0.056041</td>\n",
       "      <td>0.030072</td>\n",
       "      <td>0.049627</td>\n",
       "      <td>1.000000</td>\n",
       "      <td>0.600576</td>\n",
       "      <td>0.045213</td>\n",
       "      <td>0.023989</td>\n",
       "      <td>0.001467</td>\n",
       "    </tr>\n",
       "    <tr>\n",
       "      <th>GBA</th>\n",
       "      <td>0.682977</td>\n",
       "      <td>0.272598</td>\n",
       "      <td>0.679725</td>\n",
       "      <td>0.631736</td>\n",
       "      <td>0.006706</td>\n",
       "      <td>0.005231</td>\n",
       "      <td>0.311207</td>\n",
       "      <td>0.600576</td>\n",
       "      <td>1.000000</td>\n",
       "      <td>0.279690</td>\n",
       "      <td>0.502708</td>\n",
       "      <td>-0.097850</td>\n",
       "    </tr>\n",
       "    <tr>\n",
       "      <th>KITCHENS</th>\n",
       "      <td>0.423178</td>\n",
       "      <td>-0.132895</td>\n",
       "      <td>0.525796</td>\n",
       "      <td>0.346781</td>\n",
       "      <td>-0.108947</td>\n",
       "      <td>0.003241</td>\n",
       "      <td>-0.048890</td>\n",
       "      <td>0.045213</td>\n",
       "      <td>0.279690</td>\n",
       "      <td>1.000000</td>\n",
       "      <td>-0.008160</td>\n",
       "      <td>-0.104648</td>\n",
       "    </tr>\n",
       "    <tr>\n",
       "      <th>FIREPLACES</th>\n",
       "      <td>-0.001632</td>\n",
       "      <td>-0.001635</td>\n",
       "      <td>-0.003660</td>\n",
       "      <td>-0.004696</td>\n",
       "      <td>0.001453</td>\n",
       "      <td>0.001622</td>\n",
       "      <td>0.000097</td>\n",
       "      <td>0.023989</td>\n",
       "      <td>0.502708</td>\n",
       "      <td>-0.008160</td>\n",
       "      <td>1.000000</td>\n",
       "      <td>-0.001311</td>\n",
       "    </tr>\n",
       "    <tr>\n",
       "      <th>ZIPCODE</th>\n",
       "      <td>-0.063410</td>\n",
       "      <td>-0.020164</td>\n",
       "      <td>-0.053109</td>\n",
       "      <td>-0.071962</td>\n",
       "      <td>0.175098</td>\n",
       "      <td>-0.098040</td>\n",
       "      <td>0.041599</td>\n",
       "      <td>0.001467</td>\n",
       "      <td>-0.097850</td>\n",
       "      <td>-0.104648</td>\n",
       "      <td>-0.001311</td>\n",
       "      <td>1.000000</td>\n",
       "    </tr>\n",
       "  </tbody>\n",
       "</table>\n",
       "</div>"
      ],
      "text/plain": [
       "              BATHRM  HF_BATHRM     ROOMS     BEDRM       AYB   YR_RMDL  \\\n",
       "BATHRM      1.000000   0.248759  0.677751  0.655563 -0.039087  0.239797   \n",
       "HF_BATHRM   0.248759   1.000000  0.353825  0.375568 -0.009372  0.148483   \n",
       "ROOMS       0.677751   0.353825  1.000000  0.841309 -0.219367  0.161396   \n",
       "BEDRM       0.655563   0.375568  0.841309  1.000000 -0.242955  0.214655   \n",
       "AYB        -0.039087  -0.009372 -0.219367 -0.242955  1.000000  0.021678   \n",
       "YR_RMDL     0.239797   0.148483  0.161396  0.214655  0.021678  1.000000   \n",
       "EYB         0.269444   0.235645  0.158847  0.168913  0.660668  0.256227   \n",
       "PRICE      -0.006536  -0.013113 -0.038241 -0.043331  0.056041  0.030072   \n",
       "GBA         0.682977   0.272598  0.679725  0.631736  0.006706  0.005231   \n",
       "KITCHENS    0.423178  -0.132895  0.525796  0.346781 -0.108947  0.003241   \n",
       "FIREPLACES -0.001632  -0.001635 -0.003660 -0.004696  0.001453  0.001622   \n",
       "ZIPCODE    -0.063410  -0.020164 -0.053109 -0.071962  0.175098 -0.098040   \n",
       "\n",
       "                 EYB     PRICE       GBA  KITCHENS  FIREPLACES   ZIPCODE  \n",
       "BATHRM      0.269444 -0.006536  0.682977  0.423178   -0.001632 -0.063410  \n",
       "HF_BATHRM   0.235645 -0.013113  0.272598 -0.132895   -0.001635 -0.020164  \n",
       "ROOMS       0.158847 -0.038241  0.679725  0.525796   -0.003660 -0.053109  \n",
       "BEDRM       0.168913 -0.043331  0.631736  0.346781   -0.004696 -0.071962  \n",
       "AYB         0.660668  0.056041  0.006706 -0.108947    0.001453  0.175098  \n",
       "YR_RMDL     0.256227  0.030072  0.005231  0.003241    0.001622 -0.098040  \n",
       "EYB         1.000000  0.049627  0.311207 -0.048890    0.000097  0.041599  \n",
       "PRICE       0.049627  1.000000  0.600576  0.045213    0.023989  0.001467  \n",
       "GBA         0.311207  0.600576  1.000000  0.279690    0.502708 -0.097850  \n",
       "KITCHENS   -0.048890  0.045213  0.279690  1.000000   -0.008160 -0.104648  \n",
       "FIREPLACES  0.000097  0.023989  0.502708 -0.008160    1.000000 -0.001311  \n",
       "ZIPCODE     0.041599  0.001467 -0.097850 -0.104648   -0.001311  1.000000  "
      ]
     },
     "execution_count": 6,
     "metadata": {},
     "output_type": "execute_result"
    }
   ],
   "source": [
    "DC_properties.corr()"
   ]
  },
  {
   "cell_type": "code",
   "execution_count": 7,
   "metadata": {},
   "outputs": [
    {
     "data": {
      "text/plain": [
       "(98216, 20)"
      ]
     },
     "execution_count": 7,
     "metadata": {},
     "output_type": "execute_result"
    }
   ],
   "source": [
    "DC_price = DC_properties[DC_properties['PRICE'].notnull()]\n",
    "DC_price.shape"
   ]
  },
  {
   "cell_type": "code",
   "execution_count": 8,
   "metadata": {},
   "outputs": [
    {
     "data": {
      "text/plain": [
       "(24001, 20)"
      ]
     },
     "execution_count": 8,
     "metadata": {},
     "output_type": "execute_result"
    }
   ],
   "source": [
    "DC_real_Count_price = DC_price[(DC_price['BEDRM']!= 0) &\n",
    "                           (DC_price['BEDRM']<= 4) &\n",
    "                           (DC_price['PRICE']!= 0) &\n",
    "                            (DC_price['PRICE']>=234000) &\n",
    "                          (DC_price['PRICE']<1200000) &\n",
    "                           (DC_price['KITCHENS']!=0) &\n",
    "                           (DC_price['KITCHENS']<=4) &\n",
    "                            (DC_price['FIREPLACES']<=3) &\n",
    "                           (DC_price['BATHRM']!= 0) &\n",
    "                            (DC_price['BATHRM']<= 3) &\n",
    "                            (DC_price['HF_BATHRM']<= 2) &\n",
    "                            (DC_price['GBA']>= 1100) &\n",
    "                            (DC_price['GBA']<= 2000)]\n",
    "DC_real_Count_price.shape"
   ]
  },
  {
   "cell_type": "code",
   "execution_count": 9,
   "metadata": {},
   "outputs": [
    {
     "data": {
      "text/html": [
       "<div>\n",
       "<style scoped>\n",
       "    .dataframe tbody tr th:only-of-type {\n",
       "        vertical-align: middle;\n",
       "    }\n",
       "\n",
       "    .dataframe tbody tr th {\n",
       "        vertical-align: top;\n",
       "    }\n",
       "\n",
       "    .dataframe thead th {\n",
       "        text-align: right;\n",
       "    }\n",
       "</style>\n",
       "<table border=\"1\" class=\"dataframe\">\n",
       "  <thead>\n",
       "    <tr style=\"text-align: right;\">\n",
       "      <th></th>\n",
       "      <th>BATHRM</th>\n",
       "      <th>HF_BATHRM</th>\n",
       "      <th>ROOMS</th>\n",
       "      <th>BEDRM</th>\n",
       "      <th>AYB</th>\n",
       "      <th>YR_RMDL</th>\n",
       "      <th>EYB</th>\n",
       "      <th>PRICE</th>\n",
       "      <th>GBA</th>\n",
       "      <th>KITCHENS</th>\n",
       "      <th>FIREPLACES</th>\n",
       "      <th>ZIPCODE</th>\n",
       "    </tr>\n",
       "  </thead>\n",
       "  <tbody>\n",
       "    <tr>\n",
       "      <th>count</th>\n",
       "      <td>24001.000000</td>\n",
       "      <td>24001.000000</td>\n",
       "      <td>24001.000000</td>\n",
       "      <td>24001.000000</td>\n",
       "      <td>23975.000000</td>\n",
       "      <td>14539.000000</td>\n",
       "      <td>24001.000000</td>\n",
       "      <td>2.400100e+04</td>\n",
       "      <td>24001.000000</td>\n",
       "      <td>24001.000000</td>\n",
       "      <td>24001.000000</td>\n",
       "      <td>24001.000000</td>\n",
       "    </tr>\n",
       "    <tr>\n",
       "      <th>mean</th>\n",
       "      <td>2.039748</td>\n",
       "      <td>0.704637</td>\n",
       "      <td>6.908004</td>\n",
       "      <td>3.159785</td>\n",
       "      <td>1934.439583</td>\n",
       "      <td>2005.166174</td>\n",
       "      <td>1971.216991</td>\n",
       "      <td>5.575819e+05</td>\n",
       "      <td>1484.820007</td>\n",
       "      <td>1.137703</td>\n",
       "      <td>0.550894</td>\n",
       "      <td>20010.639307</td>\n",
       "    </tr>\n",
       "    <tr>\n",
       "      <th>std</th>\n",
       "      <td>0.717811</td>\n",
       "      <td>0.556296</td>\n",
       "      <td>1.290137</td>\n",
       "      <td>0.594146</td>\n",
       "      <td>32.423672</td>\n",
       "      <td>20.427968</td>\n",
       "      <td>17.207072</td>\n",
       "      <td>2.245460e+05</td>\n",
       "      <td>229.418268</td>\n",
       "      <td>0.359623</td>\n",
       "      <td>0.681728</td>\n",
       "      <td>7.319297</td>\n",
       "    </tr>\n",
       "    <tr>\n",
       "      <th>min</th>\n",
       "      <td>1.000000</td>\n",
       "      <td>0.000000</td>\n",
       "      <td>2.000000</td>\n",
       "      <td>1.000000</td>\n",
       "      <td>1776.000000</td>\n",
       "      <td>20.000000</td>\n",
       "      <td>1940.000000</td>\n",
       "      <td>2.340000e+05</td>\n",
       "      <td>1100.000000</td>\n",
       "      <td>1.000000</td>\n",
       "      <td>0.000000</td>\n",
       "      <td>20001.000000</td>\n",
       "    </tr>\n",
       "    <tr>\n",
       "      <th>25%</th>\n",
       "      <td>2.000000</td>\n",
       "      <td>0.000000</td>\n",
       "      <td>6.000000</td>\n",
       "      <td>3.000000</td>\n",
       "      <td>1912.000000</td>\n",
       "      <td>2003.000000</td>\n",
       "      <td>1961.000000</td>\n",
       "      <td>3.630000e+05</td>\n",
       "      <td>1296.000000</td>\n",
       "      <td>1.000000</td>\n",
       "      <td>0.000000</td>\n",
       "      <td>20003.000000</td>\n",
       "    </tr>\n",
       "    <tr>\n",
       "      <th>50%</th>\n",
       "      <td>2.000000</td>\n",
       "      <td>1.000000</td>\n",
       "      <td>7.000000</td>\n",
       "      <td>3.000000</td>\n",
       "      <td>1927.000000</td>\n",
       "      <td>2009.000000</td>\n",
       "      <td>1967.000000</td>\n",
       "      <td>5.250000e+05</td>\n",
       "      <td>1460.000000</td>\n",
       "      <td>1.000000</td>\n",
       "      <td>0.000000</td>\n",
       "      <td>20011.000000</td>\n",
       "    </tr>\n",
       "    <tr>\n",
       "      <th>75%</th>\n",
       "      <td>3.000000</td>\n",
       "      <td>1.000000</td>\n",
       "      <td>8.000000</td>\n",
       "      <td>4.000000</td>\n",
       "      <td>1942.000000</td>\n",
       "      <td>2013.000000</td>\n",
       "      <td>1975.000000</td>\n",
       "      <td>7.280000e+05</td>\n",
       "      <td>1653.000000</td>\n",
       "      <td>1.000000</td>\n",
       "      <td>1.000000</td>\n",
       "      <td>20017.000000</td>\n",
       "    </tr>\n",
       "    <tr>\n",
       "      <th>max</th>\n",
       "      <td>3.000000</td>\n",
       "      <td>2.000000</td>\n",
       "      <td>16.000000</td>\n",
       "      <td>4.000000</td>\n",
       "      <td>2018.000000</td>\n",
       "      <td>2018.000000</td>\n",
       "      <td>2018.000000</td>\n",
       "      <td>1.199000e+06</td>\n",
       "      <td>2000.000000</td>\n",
       "      <td>4.000000</td>\n",
       "      <td>3.000000</td>\n",
       "      <td>20052.000000</td>\n",
       "    </tr>\n",
       "  </tbody>\n",
       "</table>\n",
       "</div>"
      ],
      "text/plain": [
       "             BATHRM     HF_BATHRM         ROOMS         BEDRM           AYB  \\\n",
       "count  24001.000000  24001.000000  24001.000000  24001.000000  23975.000000   \n",
       "mean       2.039748      0.704637      6.908004      3.159785   1934.439583   \n",
       "std        0.717811      0.556296      1.290137      0.594146     32.423672   \n",
       "min        1.000000      0.000000      2.000000      1.000000   1776.000000   \n",
       "25%        2.000000      0.000000      6.000000      3.000000   1912.000000   \n",
       "50%        2.000000      1.000000      7.000000      3.000000   1927.000000   \n",
       "75%        3.000000      1.000000      8.000000      4.000000   1942.000000   \n",
       "max        3.000000      2.000000     16.000000      4.000000   2018.000000   \n",
       "\n",
       "            YR_RMDL           EYB         PRICE           GBA      KITCHENS  \\\n",
       "count  14539.000000  24001.000000  2.400100e+04  24001.000000  24001.000000   \n",
       "mean    2005.166174   1971.216991  5.575819e+05   1484.820007      1.137703   \n",
       "std       20.427968     17.207072  2.245460e+05    229.418268      0.359623   \n",
       "min       20.000000   1940.000000  2.340000e+05   1100.000000      1.000000   \n",
       "25%     2003.000000   1961.000000  3.630000e+05   1296.000000      1.000000   \n",
       "50%     2009.000000   1967.000000  5.250000e+05   1460.000000      1.000000   \n",
       "75%     2013.000000   1975.000000  7.280000e+05   1653.000000      1.000000   \n",
       "max     2018.000000   2018.000000  1.199000e+06   2000.000000      4.000000   \n",
       "\n",
       "         FIREPLACES       ZIPCODE  \n",
       "count  24001.000000  24001.000000  \n",
       "mean       0.550894  20010.639307  \n",
       "std        0.681728      7.319297  \n",
       "min        0.000000  20001.000000  \n",
       "25%        0.000000  20003.000000  \n",
       "50%        0.000000  20011.000000  \n",
       "75%        1.000000  20017.000000  \n",
       "max        3.000000  20052.000000  "
      ]
     },
     "execution_count": 9,
     "metadata": {},
     "output_type": "execute_result"
    }
   ],
   "source": [
    "DC_real_Count_price.describe()"
   ]
  },
  {
   "cell_type": "code",
   "execution_count": 10,
   "metadata": {},
   "outputs": [
    {
     "data": {
      "text/html": [
       "<div>\n",
       "<style scoped>\n",
       "    .dataframe tbody tr th:only-of-type {\n",
       "        vertical-align: middle;\n",
       "    }\n",
       "\n",
       "    .dataframe tbody tr th {\n",
       "        vertical-align: top;\n",
       "    }\n",
       "\n",
       "    .dataframe thead th {\n",
       "        text-align: right;\n",
       "    }\n",
       "</style>\n",
       "<table border=\"1\" class=\"dataframe\">\n",
       "  <thead>\n",
       "    <tr style=\"text-align: right;\">\n",
       "      <th></th>\n",
       "      <th>BATHRM</th>\n",
       "      <th>HF_BATHRM</th>\n",
       "      <th>ROOMS</th>\n",
       "      <th>BEDRM</th>\n",
       "      <th>AYB</th>\n",
       "      <th>YR_RMDL</th>\n",
       "      <th>EYB</th>\n",
       "      <th>PRICE</th>\n",
       "      <th>GBA</th>\n",
       "      <th>KITCHENS</th>\n",
       "      <th>FIREPLACES</th>\n",
       "      <th>ZIPCODE</th>\n",
       "    </tr>\n",
       "  </thead>\n",
       "  <tbody>\n",
       "    <tr>\n",
       "      <th>BATHRM</th>\n",
       "      <td>1.000000</td>\n",
       "      <td>-0.007641</td>\n",
       "      <td>0.297526</td>\n",
       "      <td>0.326269</td>\n",
       "      <td>0.170206</td>\n",
       "      <td>0.138184</td>\n",
       "      <td>0.317581</td>\n",
       "      <td>0.271060</td>\n",
       "      <td>0.250797</td>\n",
       "      <td>0.213325</td>\n",
       "      <td>0.060662</td>\n",
       "      <td>0.026410</td>\n",
       "    </tr>\n",
       "    <tr>\n",
       "      <th>HF_BATHRM</th>\n",
       "      <td>-0.007641</td>\n",
       "      <td>1.000000</td>\n",
       "      <td>0.082256</td>\n",
       "      <td>0.041439</td>\n",
       "      <td>0.202501</td>\n",
       "      <td>0.033977</td>\n",
       "      <td>0.293615</td>\n",
       "      <td>0.081686</td>\n",
       "      <td>0.169388</td>\n",
       "      <td>-0.063487</td>\n",
       "      <td>0.071775</td>\n",
       "      <td>0.083186</td>\n",
       "    </tr>\n",
       "    <tr>\n",
       "      <th>ROOMS</th>\n",
       "      <td>0.297526</td>\n",
       "      <td>0.082256</td>\n",
       "      <td>1.000000</td>\n",
       "      <td>0.390766</td>\n",
       "      <td>0.041802</td>\n",
       "      <td>0.028540</td>\n",
       "      <td>0.048216</td>\n",
       "      <td>0.105652</td>\n",
       "      <td>0.252396</td>\n",
       "      <td>0.156356</td>\n",
       "      <td>0.055919</td>\n",
       "      <td>0.028313</td>\n",
       "    </tr>\n",
       "    <tr>\n",
       "      <th>BEDRM</th>\n",
       "      <td>0.326269</td>\n",
       "      <td>0.041439</td>\n",
       "      <td>0.390766</td>\n",
       "      <td>1.000000</td>\n",
       "      <td>-0.001093</td>\n",
       "      <td>0.073083</td>\n",
       "      <td>0.015882</td>\n",
       "      <td>0.096359</td>\n",
       "      <td>0.277365</td>\n",
       "      <td>0.148772</td>\n",
       "      <td>-0.011282</td>\n",
       "      <td>0.035051</td>\n",
       "    </tr>\n",
       "    <tr>\n",
       "      <th>AYB</th>\n",
       "      <td>0.170206</td>\n",
       "      <td>0.202501</td>\n",
       "      <td>0.041802</td>\n",
       "      <td>-0.001093</td>\n",
       "      <td>1.000000</td>\n",
       "      <td>0.069636</td>\n",
       "      <td>0.748405</td>\n",
       "      <td>-0.211208</td>\n",
       "      <td>0.009171</td>\n",
       "      <td>-0.182058</td>\n",
       "      <td>-0.124712</td>\n",
       "      <td>0.518627</td>\n",
       "    </tr>\n",
       "    <tr>\n",
       "      <th>YR_RMDL</th>\n",
       "      <td>0.138184</td>\n",
       "      <td>0.033977</td>\n",
       "      <td>0.028540</td>\n",
       "      <td>0.073083</td>\n",
       "      <td>0.069636</td>\n",
       "      <td>1.000000</td>\n",
       "      <td>0.166860</td>\n",
       "      <td>0.052530</td>\n",
       "      <td>-0.032276</td>\n",
       "      <td>-0.018553</td>\n",
       "      <td>-0.108819</td>\n",
       "      <td>0.034601</td>\n",
       "    </tr>\n",
       "    <tr>\n",
       "      <th>EYB</th>\n",
       "      <td>0.317581</td>\n",
       "      <td>0.293615</td>\n",
       "      <td>0.048216</td>\n",
       "      <td>0.015882</td>\n",
       "      <td>0.748405</td>\n",
       "      <td>0.166860</td>\n",
       "      <td>1.000000</td>\n",
       "      <td>0.056928</td>\n",
       "      <td>0.110419</td>\n",
       "      <td>-0.076189</td>\n",
       "      <td>-0.079842</td>\n",
       "      <td>0.274663</td>\n",
       "    </tr>\n",
       "    <tr>\n",
       "      <th>PRICE</th>\n",
       "      <td>0.271060</td>\n",
       "      <td>0.081686</td>\n",
       "      <td>0.105652</td>\n",
       "      <td>0.096359</td>\n",
       "      <td>-0.211208</td>\n",
       "      <td>0.052530</td>\n",
       "      <td>0.056928</td>\n",
       "      <td>1.000000</td>\n",
       "      <td>0.234426</td>\n",
       "      <td>0.111474</td>\n",
       "      <td>0.267892</td>\n",
       "      <td>-0.269562</td>\n",
       "    </tr>\n",
       "    <tr>\n",
       "      <th>GBA</th>\n",
       "      <td>0.250797</td>\n",
       "      <td>0.169388</td>\n",
       "      <td>0.252396</td>\n",
       "      <td>0.277365</td>\n",
       "      <td>0.009171</td>\n",
       "      <td>-0.032276</td>\n",
       "      <td>0.110419</td>\n",
       "      <td>0.234426</td>\n",
       "      <td>1.000000</td>\n",
       "      <td>0.047306</td>\n",
       "      <td>0.260070</td>\n",
       "      <td>0.012577</td>\n",
       "    </tr>\n",
       "    <tr>\n",
       "      <th>KITCHENS</th>\n",
       "      <td>0.213325</td>\n",
       "      <td>-0.063487</td>\n",
       "      <td>0.156356</td>\n",
       "      <td>0.148772</td>\n",
       "      <td>-0.182058</td>\n",
       "      <td>-0.018553</td>\n",
       "      <td>-0.076189</td>\n",
       "      <td>0.111474</td>\n",
       "      <td>0.047306</td>\n",
       "      <td>1.000000</td>\n",
       "      <td>0.028093</td>\n",
       "      <td>-0.196777</td>\n",
       "    </tr>\n",
       "    <tr>\n",
       "      <th>FIREPLACES</th>\n",
       "      <td>0.060662</td>\n",
       "      <td>0.071775</td>\n",
       "      <td>0.055919</td>\n",
       "      <td>-0.011282</td>\n",
       "      <td>-0.124712</td>\n",
       "      <td>-0.108819</td>\n",
       "      <td>-0.079842</td>\n",
       "      <td>0.267892</td>\n",
       "      <td>0.260070</td>\n",
       "      <td>0.028093</td>\n",
       "      <td>1.000000</td>\n",
       "      <td>-0.017594</td>\n",
       "    </tr>\n",
       "    <tr>\n",
       "      <th>ZIPCODE</th>\n",
       "      <td>0.026410</td>\n",
       "      <td>0.083186</td>\n",
       "      <td>0.028313</td>\n",
       "      <td>0.035051</td>\n",
       "      <td>0.518627</td>\n",
       "      <td>0.034601</td>\n",
       "      <td>0.274663</td>\n",
       "      <td>-0.269562</td>\n",
       "      <td>0.012577</td>\n",
       "      <td>-0.196777</td>\n",
       "      <td>-0.017594</td>\n",
       "      <td>1.000000</td>\n",
       "    </tr>\n",
       "  </tbody>\n",
       "</table>\n",
       "</div>"
      ],
      "text/plain": [
       "              BATHRM  HF_BATHRM     ROOMS     BEDRM       AYB   YR_RMDL  \\\n",
       "BATHRM      1.000000  -0.007641  0.297526  0.326269  0.170206  0.138184   \n",
       "HF_BATHRM  -0.007641   1.000000  0.082256  0.041439  0.202501  0.033977   \n",
       "ROOMS       0.297526   0.082256  1.000000  0.390766  0.041802  0.028540   \n",
       "BEDRM       0.326269   0.041439  0.390766  1.000000 -0.001093  0.073083   \n",
       "AYB         0.170206   0.202501  0.041802 -0.001093  1.000000  0.069636   \n",
       "YR_RMDL     0.138184   0.033977  0.028540  0.073083  0.069636  1.000000   \n",
       "EYB         0.317581   0.293615  0.048216  0.015882  0.748405  0.166860   \n",
       "PRICE       0.271060   0.081686  0.105652  0.096359 -0.211208  0.052530   \n",
       "GBA         0.250797   0.169388  0.252396  0.277365  0.009171 -0.032276   \n",
       "KITCHENS    0.213325  -0.063487  0.156356  0.148772 -0.182058 -0.018553   \n",
       "FIREPLACES  0.060662   0.071775  0.055919 -0.011282 -0.124712 -0.108819   \n",
       "ZIPCODE     0.026410   0.083186  0.028313  0.035051  0.518627  0.034601   \n",
       "\n",
       "                 EYB     PRICE       GBA  KITCHENS  FIREPLACES   ZIPCODE  \n",
       "BATHRM      0.317581  0.271060  0.250797  0.213325    0.060662  0.026410  \n",
       "HF_BATHRM   0.293615  0.081686  0.169388 -0.063487    0.071775  0.083186  \n",
       "ROOMS       0.048216  0.105652  0.252396  0.156356    0.055919  0.028313  \n",
       "BEDRM       0.015882  0.096359  0.277365  0.148772   -0.011282  0.035051  \n",
       "AYB         0.748405 -0.211208  0.009171 -0.182058   -0.124712  0.518627  \n",
       "YR_RMDL     0.166860  0.052530 -0.032276 -0.018553   -0.108819  0.034601  \n",
       "EYB         1.000000  0.056928  0.110419 -0.076189   -0.079842  0.274663  \n",
       "PRICE       0.056928  1.000000  0.234426  0.111474    0.267892 -0.269562  \n",
       "GBA         0.110419  0.234426  1.000000  0.047306    0.260070  0.012577  \n",
       "KITCHENS   -0.076189  0.111474  0.047306  1.000000    0.028093 -0.196777  \n",
       "FIREPLACES -0.079842  0.267892  0.260070  0.028093    1.000000 -0.017594  \n",
       "ZIPCODE     0.274663 -0.269562  0.012577 -0.196777   -0.017594  1.000000  "
      ]
     },
     "execution_count": 10,
     "metadata": {},
     "output_type": "execute_result"
    }
   ],
   "source": [
    "DC_real_Count_price.corr()"
   ]
  },
  {
   "cell_type": "code",
   "execution_count": 11,
   "metadata": {},
   "outputs": [],
   "source": [
    "X = DC_real_Count_price.drop(['BATHRM', 'HF_BATHRM', 'AC', 'ROOMS',\n",
    "                              'BEDRM', 'AYB', 'YR_RMDL', 'EYB',\n",
    "                               'SALEDATE', 'GBA', 'GRADE', 'CNDTN',\n",
    "                              'KITCHENS',  'FIREPLACES',\n",
    "       'SOURCE', 'CITY', 'STATE', 'ZIPCODE', 'QUADRANT'], axis=1)\n",
    "lm = LinearRegression()"
   ]
  },
  {
   "cell_type": "code",
   "execution_count": 12,
   "metadata": {},
   "outputs": [
    {
     "name": "stdout",
     "output_type": "stream",
     "text": [
      "(16800, 1)\n",
      "(7201, 1)\n",
      "(16800,)\n",
      "(7201,)\n"
     ]
    }
   ],
   "source": [
    "X_train, X_test, Y_train, Y_test = sklearn.model_selection.train_test_split(\n",
    "    X, DC_real_Count_price.PRICE, test_size=0.30, random_state = 5)\n",
    "print(X_train.shape)\n",
    "print(X_test.shape)\n",
    "print(Y_train.shape)\n",
    "print(Y_test.shape)"
   ]
  },
  {
   "cell_type": "code",
   "execution_count": 13,
   "metadata": {},
